{
  "cells": [
    {
      "cell_type": "code",
      "execution_count": null,
      "metadata": {
        "colab": {
          "base_uri": "https://localhost:8080/",
          "height": 423
        },
        "id": "eJ5j4GKSKXS9",
        "outputId": "23188a72-bb6e-4d19-9069-a88c202dd16d"
      },
      "outputs": [
        {
          "output_type": "execute_result",
          "data": {
            "text/html": [
              "\n",
              "  <div id=\"df-b944adb4-51c7-4a17-bc93-229eedddbb94\">\n",
              "    <div class=\"colab-df-container\">\n",
              "      <div>\n",
              "<style scoped>\n",
              "    .dataframe tbody tr th:only-of-type {\n",
              "        vertical-align: middle;\n",
              "    }\n",
              "\n",
              "    .dataframe tbody tr th {\n",
              "        vertical-align: top;\n",
              "    }\n",
              "\n",
              "    .dataframe thead th {\n",
              "        text-align: right;\n",
              "    }\n",
              "</style>\n",
              "<table border=\"1\" class=\"dataframe\">\n",
              "  <thead>\n",
              "    <tr style=\"text-align: right;\">\n",
              "      <th></th>\n",
              "      <th>fixed acidity</th>\n",
              "      <th>volatile acidity</th>\n",
              "      <th>citric acid</th>\n",
              "      <th>residual sugar</th>\n",
              "      <th>chlorides</th>\n",
              "      <th>free sulfur dioxide</th>\n",
              "      <th>total sulfur dioxide</th>\n",
              "      <th>density</th>\n",
              "      <th>pH</th>\n",
              "      <th>sulphates</th>\n",
              "      <th>alcohol</th>\n",
              "      <th>quality</th>\n",
              "    </tr>\n",
              "  </thead>\n",
              "  <tbody>\n",
              "    <tr>\n",
              "      <th>0</th>\n",
              "      <td>7.4</td>\n",
              "      <td>0.700</td>\n",
              "      <td>0.00</td>\n",
              "      <td>1.9</td>\n",
              "      <td>0.076</td>\n",
              "      <td>11.0</td>\n",
              "      <td>34.0</td>\n",
              "      <td>0.9978</td>\n",
              "      <td>3.51</td>\n",
              "      <td>0.56</td>\n",
              "      <td>9.4</td>\n",
              "      <td>5</td>\n",
              "    </tr>\n",
              "    <tr>\n",
              "      <th>1</th>\n",
              "      <td>7.8</td>\n",
              "      <td>0.880</td>\n",
              "      <td>0.00</td>\n",
              "      <td>2.6</td>\n",
              "      <td>0.098</td>\n",
              "      <td>25.0</td>\n",
              "      <td>67.0</td>\n",
              "      <td>0.9968</td>\n",
              "      <td>3.20</td>\n",
              "      <td>0.68</td>\n",
              "      <td>9.8</td>\n",
              "      <td>5</td>\n",
              "    </tr>\n",
              "    <tr>\n",
              "      <th>2</th>\n",
              "      <td>7.8</td>\n",
              "      <td>0.760</td>\n",
              "      <td>0.04</td>\n",
              "      <td>2.3</td>\n",
              "      <td>0.092</td>\n",
              "      <td>15.0</td>\n",
              "      <td>54.0</td>\n",
              "      <td>0.9970</td>\n",
              "      <td>3.26</td>\n",
              "      <td>0.65</td>\n",
              "      <td>9.8</td>\n",
              "      <td>5</td>\n",
              "    </tr>\n",
              "    <tr>\n",
              "      <th>3</th>\n",
              "      <td>11.2</td>\n",
              "      <td>0.280</td>\n",
              "      <td>0.56</td>\n",
              "      <td>1.9</td>\n",
              "      <td>0.075</td>\n",
              "      <td>17.0</td>\n",
              "      <td>60.0</td>\n",
              "      <td>0.9980</td>\n",
              "      <td>3.16</td>\n",
              "      <td>0.58</td>\n",
              "      <td>9.8</td>\n",
              "      <td>6</td>\n",
              "    </tr>\n",
              "    <tr>\n",
              "      <th>4</th>\n",
              "      <td>7.4</td>\n",
              "      <td>0.700</td>\n",
              "      <td>0.00</td>\n",
              "      <td>1.9</td>\n",
              "      <td>0.076</td>\n",
              "      <td>11.0</td>\n",
              "      <td>34.0</td>\n",
              "      <td>0.9978</td>\n",
              "      <td>3.51</td>\n",
              "      <td>0.56</td>\n",
              "      <td>9.4</td>\n",
              "      <td>5</td>\n",
              "    </tr>\n",
              "    <tr>\n",
              "      <th>...</th>\n",
              "      <td>...</td>\n",
              "      <td>...</td>\n",
              "      <td>...</td>\n",
              "      <td>...</td>\n",
              "      <td>...</td>\n",
              "      <td>...</td>\n",
              "      <td>...</td>\n",
              "      <td>...</td>\n",
              "      <td>...</td>\n",
              "      <td>...</td>\n",
              "      <td>...</td>\n",
              "      <td>...</td>\n",
              "    </tr>\n",
              "    <tr>\n",
              "      <th>95</th>\n",
              "      <td>4.7</td>\n",
              "      <td>0.600</td>\n",
              "      <td>0.17</td>\n",
              "      <td>2.3</td>\n",
              "      <td>0.058</td>\n",
              "      <td>17.0</td>\n",
              "      <td>106.0</td>\n",
              "      <td>0.9932</td>\n",
              "      <td>3.85</td>\n",
              "      <td>0.60</td>\n",
              "      <td>12.9</td>\n",
              "      <td>6</td>\n",
              "    </tr>\n",
              "    <tr>\n",
              "      <th>96</th>\n",
              "      <td>6.8</td>\n",
              "      <td>0.775</td>\n",
              "      <td>0.00</td>\n",
              "      <td>3.0</td>\n",
              "      <td>0.102</td>\n",
              "      <td>8.0</td>\n",
              "      <td>23.0</td>\n",
              "      <td>0.9965</td>\n",
              "      <td>3.45</td>\n",
              "      <td>0.56</td>\n",
              "      <td>10.7</td>\n",
              "      <td>5</td>\n",
              "    </tr>\n",
              "    <tr>\n",
              "      <th>97</th>\n",
              "      <td>7.0</td>\n",
              "      <td>0.500</td>\n",
              "      <td>0.25</td>\n",
              "      <td>2.0</td>\n",
              "      <td>0.070</td>\n",
              "      <td>3.0</td>\n",
              "      <td>22.0</td>\n",
              "      <td>0.9963</td>\n",
              "      <td>3.25</td>\n",
              "      <td>0.63</td>\n",
              "      <td>9.2</td>\n",
              "      <td>5</td>\n",
              "    </tr>\n",
              "    <tr>\n",
              "      <th>98</th>\n",
              "      <td>7.6</td>\n",
              "      <td>0.900</td>\n",
              "      <td>0.06</td>\n",
              "      <td>2.5</td>\n",
              "      <td>0.079</td>\n",
              "      <td>5.0</td>\n",
              "      <td>10.0</td>\n",
              "      <td>0.9967</td>\n",
              "      <td>3.39</td>\n",
              "      <td>0.56</td>\n",
              "      <td>9.8</td>\n",
              "      <td>5</td>\n",
              "    </tr>\n",
              "    <tr>\n",
              "      <th>99</th>\n",
              "      <td>8.1</td>\n",
              "      <td>0.545</td>\n",
              "      <td>0.18</td>\n",
              "      <td>1.9</td>\n",
              "      <td>0.080</td>\n",
              "      <td>13.0</td>\n",
              "      <td>35.0</td>\n",
              "      <td>0.9972</td>\n",
              "      <td>3.30</td>\n",
              "      <td>0.59</td>\n",
              "      <td>9.0</td>\n",
              "      <td>6</td>\n",
              "    </tr>\n",
              "  </tbody>\n",
              "</table>\n",
              "<p>100 rows × 12 columns</p>\n",
              "</div>\n",
              "      <button class=\"colab-df-convert\" onclick=\"convertToInteractive('df-b944adb4-51c7-4a17-bc93-229eedddbb94')\"\n",
              "              title=\"Convert this dataframe to an interactive table.\"\n",
              "              style=\"display:none;\">\n",
              "        \n",
              "  <svg xmlns=\"http://www.w3.org/2000/svg\" height=\"24px\"viewBox=\"0 0 24 24\"\n",
              "       width=\"24px\">\n",
              "    <path d=\"M0 0h24v24H0V0z\" fill=\"none\"/>\n",
              "    <path d=\"M18.56 5.44l.94 2.06.94-2.06 2.06-.94-2.06-.94-.94-2.06-.94 2.06-2.06.94zm-11 1L8.5 8.5l.94-2.06 2.06-.94-2.06-.94L8.5 2.5l-.94 2.06-2.06.94zm10 10l.94 2.06.94-2.06 2.06-.94-2.06-.94-.94-2.06-.94 2.06-2.06.94z\"/><path d=\"M17.41 7.96l-1.37-1.37c-.4-.4-.92-.59-1.43-.59-.52 0-1.04.2-1.43.59L10.3 9.45l-7.72 7.72c-.78.78-.78 2.05 0 2.83L4 21.41c.39.39.9.59 1.41.59.51 0 1.02-.2 1.41-.59l7.78-7.78 2.81-2.81c.8-.78.8-2.07 0-2.86zM5.41 20L4 18.59l7.72-7.72 1.47 1.35L5.41 20z\"/>\n",
              "  </svg>\n",
              "      </button>\n",
              "      \n",
              "  <style>\n",
              "    .colab-df-container {\n",
              "      display:flex;\n",
              "      flex-wrap:wrap;\n",
              "      gap: 12px;\n",
              "    }\n",
              "\n",
              "    .colab-df-convert {\n",
              "      background-color: #E8F0FE;\n",
              "      border: none;\n",
              "      border-radius: 50%;\n",
              "      cursor: pointer;\n",
              "      display: none;\n",
              "      fill: #1967D2;\n",
              "      height: 32px;\n",
              "      padding: 0 0 0 0;\n",
              "      width: 32px;\n",
              "    }\n",
              "\n",
              "    .colab-df-convert:hover {\n",
              "      background-color: #E2EBFA;\n",
              "      box-shadow: 0px 1px 2px rgba(60, 64, 67, 0.3), 0px 1px 3px 1px rgba(60, 64, 67, 0.15);\n",
              "      fill: #174EA6;\n",
              "    }\n",
              "\n",
              "    [theme=dark] .colab-df-convert {\n",
              "      background-color: #3B4455;\n",
              "      fill: #D2E3FC;\n",
              "    }\n",
              "\n",
              "    [theme=dark] .colab-df-convert:hover {\n",
              "      background-color: #434B5C;\n",
              "      box-shadow: 0px 1px 3px 1px rgba(0, 0, 0, 0.15);\n",
              "      filter: drop-shadow(0px 1px 2px rgba(0, 0, 0, 0.3));\n",
              "      fill: #FFFFFF;\n",
              "    }\n",
              "  </style>\n",
              "\n",
              "      <script>\n",
              "        const buttonEl =\n",
              "          document.querySelector('#df-b944adb4-51c7-4a17-bc93-229eedddbb94 button.colab-df-convert');\n",
              "        buttonEl.style.display =\n",
              "          google.colab.kernel.accessAllowed ? 'block' : 'none';\n",
              "\n",
              "        async function convertToInteractive(key) {\n",
              "          const element = document.querySelector('#df-b944adb4-51c7-4a17-bc93-229eedddbb94');\n",
              "          const dataTable =\n",
              "            await google.colab.kernel.invokeFunction('convertToInteractive',\n",
              "                                                     [key], {});\n",
              "          if (!dataTable) return;\n",
              "\n",
              "          const docLinkHtml = 'Like what you see? Visit the ' +\n",
              "            '<a target=\"_blank\" href=https://colab.research.google.com/notebooks/data_table.ipynb>data table notebook</a>'\n",
              "            + ' to learn more about interactive tables.';\n",
              "          element.innerHTML = '';\n",
              "          dataTable['output_type'] = 'display_data';\n",
              "          await google.colab.output.renderOutput(dataTable, element);\n",
              "          const docLink = document.createElement('div');\n",
              "          docLink.innerHTML = docLinkHtml;\n",
              "          element.appendChild(docLink);\n",
              "        }\n",
              "      </script>\n",
              "    </div>\n",
              "  </div>\n",
              "  "
            ],
            "text/plain": [
              "    fixed acidity  volatile acidity  citric acid  residual sugar  chlorides  \\\n",
              "0             7.4             0.700         0.00             1.9      0.076   \n",
              "1             7.8             0.880         0.00             2.6      0.098   \n",
              "2             7.8             0.760         0.04             2.3      0.092   \n",
              "3            11.2             0.280         0.56             1.9      0.075   \n",
              "4             7.4             0.700         0.00             1.9      0.076   \n",
              "..            ...               ...          ...             ...        ...   \n",
              "95            4.7             0.600         0.17             2.3      0.058   \n",
              "96            6.8             0.775         0.00             3.0      0.102   \n",
              "97            7.0             0.500         0.25             2.0      0.070   \n",
              "98            7.6             0.900         0.06             2.5      0.079   \n",
              "99            8.1             0.545         0.18             1.9      0.080   \n",
              "\n",
              "    free sulfur dioxide  total sulfur dioxide  density    pH  sulphates  \\\n",
              "0                  11.0                  34.0   0.9978  3.51       0.56   \n",
              "1                  25.0                  67.0   0.9968  3.20       0.68   \n",
              "2                  15.0                  54.0   0.9970  3.26       0.65   \n",
              "3                  17.0                  60.0   0.9980  3.16       0.58   \n",
              "4                  11.0                  34.0   0.9978  3.51       0.56   \n",
              "..                  ...                   ...      ...   ...        ...   \n",
              "95                 17.0                 106.0   0.9932  3.85       0.60   \n",
              "96                  8.0                  23.0   0.9965  3.45       0.56   \n",
              "97                  3.0                  22.0   0.9963  3.25       0.63   \n",
              "98                  5.0                  10.0   0.9967  3.39       0.56   \n",
              "99                 13.0                  35.0   0.9972  3.30       0.59   \n",
              "\n",
              "    alcohol  quality  \n",
              "0       9.4        5  \n",
              "1       9.8        5  \n",
              "2       9.8        5  \n",
              "3       9.8        6  \n",
              "4       9.4        5  \n",
              "..      ...      ...  \n",
              "95     12.9        6  \n",
              "96     10.7        5  \n",
              "97      9.2        5  \n",
              "98      9.8        5  \n",
              "99      9.0        6  \n",
              "\n",
              "[100 rows x 12 columns]"
            ]
          },
          "metadata": {},
          "execution_count": 1
        }
      ],
      "source": [
        "import pandas as pd\n",
        "import numpy as np\n",
        "\n",
        "# Q1: From the winequality.csv extract the first 100 rows and the 12 columns\n",
        "url = \"https://raw.githubusercontent.com/benny472/BehnamSafayi/main/winequality.csv\"\n",
        "W = pd.read_csv(url,header=0, sep=\";\")\n",
        "W1 = W.iloc[:100,:12]\n",
        "W1"
      ]
    },
    {
      "cell_type": "code",
      "execution_count": null,
      "metadata": {
        "colab": {
          "base_uri": "https://localhost:8080/"
        },
        "id": "kPfB5Vv6nKgv",
        "outputId": "a48761af-e5cf-4bed-ffc5-b676bde3ae90"
      },
      "outputs": [
        {
          "output_type": "stream",
          "name": "stdout",
          "text": [
            "Y = A'A =  \n",
            " [[5.85812000e+03 4.19407000e+02 1.74197000e+02 1.86772000e+03\n",
            "  7.69230000e+01 1.23206000e+04 4.34820000e+04 7.55627690e+02\n",
            "  2.51578500e+03 5.46827000e+02 7.39277000e+03 3.98680000e+03]\n",
            " [4.19407000e+02 3.40927500e+01 1.03470500e+01 1.38687500e+02\n",
            "  5.60568000e+00 8.85785000e+02 3.10063000e+03 5.58650705e+01\n",
            "  1.87490450e+02 3.87845500e+01 5.49421500e+02 2.91255000e+02]\n",
            " [1.74197000e+02 1.03470500e+01 7.88790000e+00 5.26160000e+01\n",
            "  2.49596000e+00 3.80100000e+02 1.43844000e+03 2.17055190e+01\n",
            "  7.16164000e+01 1.70796000e+01 2.12316000e+02 1.13980000e+02]\n",
            " [1.86772000e+03 1.38687500e+02 5.26160000e+01 7.87795000e+02\n",
            "  2.40570000e+01 4.25180000e+03 1.47710000e+04 2.45070420e+02\n",
            "  8.20027000e+02 1.70986000e+02 2.41782000e+03 1.29030000e+03]\n",
            " [7.69230000e+01 5.60568000e+00 2.49596000e+00 2.40570000e+01\n",
            "  1.48158400e+00 1.69619000e+02 5.86514000e+02 1.00243492e+01\n",
            "  3.30954200e+01 7.96366000e+00 9.77174000e+01 5.27770000e+01]\n",
            " [1.23206000e+04 8.85785000e+02 3.80100000e+02 4.25180000e+03\n",
            "  1.69619000e+02 3.65130000e+04 1.19054000e+05 1.59012370e+03\n",
            "  5.28421000e+03 1.18413000e+03 1.55340000e+04 8.37700000e+03]\n",
            " [4.34820000e+04 3.10063000e+03 1.43844000e+03 1.47710000e+04\n",
            "  5.86514000e+02 1.19054000e+05 4.56215000e+05 5.62146580e+03\n",
            "  1.85972600e+04 4.45281000e+03 5.51996000e+04 2.93000000e+04]\n",
            " [7.55627690e+02 5.58650705e+01 2.17055190e+01 2.45070420e+02\n",
            "  1.00243492e+01 1.59012370e+03 5.62146580e+03 9.93543653e+01\n",
            "  3.32255499e+02 7.05888310e+01 9.75107980e+02 5.23302500e+02]\n",
            " [2.51578500e+03 1.87490450e+02 7.16164000e+01 8.20027000e+02\n",
            "  3.30954200e+01 5.28421000e+03 1.85972600e+04 3.32255499e+02\n",
            "  1.11375120e+03 2.33042700e+02 3.26649900e+03 1.74910000e+03]\n",
            " [5.46827000e+02 3.87845500e+01 1.70796000e+01 1.70986000e+02\n",
            "  7.96366000e+00 1.18413000e+03 4.45281000e+03 7.05888310e+01\n",
            "  2.33042700e+02 5.92503000e+01 6.91622000e+02 3.73050000e+02]\n",
            " [7.39277000e+03 5.49421500e+02 2.12316000e+02 2.41782000e+03\n",
            "  9.77174000e+01 1.55340000e+04 5.51996000e+04 9.75107980e+02\n",
            "  3.26649900e+03 6.91622000e+02 9.61733000e+03 5.13980000e+03]\n",
            " [3.98680000e+03 2.91255000e+02 1.13980000e+02 1.29030000e+03\n",
            "  5.27770000e+01 8.37700000e+03 2.93000000e+04 5.23302500e+02\n",
            "  1.74910000e+03 3.73050000e+02 5.13980000e+03 2.79900000e+03]]\n"
          ]
        }
      ],
      "source": [
        "# Q2: Transform in the numpy array A\n",
        "A = np.array(W1)\n",
        "\n",
        "# Q3: Calculate the dot product Y = A'A\n",
        "AT = A.transpose()\n",
        "Y = np.dot(AT,A)\n",
        "\n",
        "# Q4: Print the result Y\n",
        "print(\"Y = A'A = \", \"\\n\", Y)"
      ]
    },
    {
      "cell_type": "code",
      "execution_count": null,
      "metadata": {
        "colab": {
          "base_uri": "https://localhost:8080/"
        },
        "id": "g3Yh23L6pZdH",
        "outputId": "e2463c9d-05d6-4665-d945-6473b6e1d903"
      },
      "outputs": [
        {
          "output_type": "stream",
          "name": "stdout",
          "text": [
            "(4, 25, 12) \n",
            "\n",
            "[[[ 7.4    0.7    0.    ...  0.56   9.4    5.   ]\n",
            "  [ 7.8    0.88   0.    ...  0.68   9.8    5.   ]\n",
            "  [ 7.8    0.76   0.04  ...  0.65   9.8    5.   ]\n",
            "  ...\n",
            "  [ 7.9    0.43   0.21  ...  0.91   9.5    5.   ]\n",
            "  [ 8.5    0.49   0.11  ...  0.53   9.4    5.   ]\n",
            "  [ 6.9    0.4    0.14  ...  0.63   9.7    6.   ]]\n",
            "\n",
            " [[ 6.3    0.39   0.16  ...  0.56   9.3    5.   ]\n",
            "  [ 7.6    0.41   0.24  ...  0.59   9.5    5.   ]\n",
            "  [ 7.9    0.43   0.21  ...  0.91   9.5    5.   ]\n",
            "  ...\n",
            "  [ 8.7    0.29   0.52  ...  0.58   9.5    5.   ]\n",
            "  [ 6.4    0.4    0.23  ...  0.56   9.2    5.   ]\n",
            "  [ 5.6    0.31   0.37  ...  0.58   9.2    5.   ]]\n",
            "\n",
            " [[ 8.8    0.66   0.26  ...  0.74   9.2    5.   ]\n",
            "  [ 6.6    0.52   0.04  ...  0.63   9.4    6.   ]\n",
            "  [ 6.6    0.5    0.04  ...  0.64   9.4    6.   ]\n",
            "  ...\n",
            "  [ 7.7    0.69   0.22  ...  0.48   9.5    5.   ]\n",
            "  [ 8.3    0.675  0.26  ...  0.53   9.2    4.   ]\n",
            "  [ 9.7    0.32   0.54  ...  0.82   9.6    5.   ]]\n",
            "\n",
            " [[ 8.8    0.41   0.64  ...  0.66  10.5    5.   ]\n",
            "  [ 8.8    0.41   0.64  ...  0.66  10.5    5.   ]\n",
            "  [ 6.8    0.785  0.    ...  0.55  10.7    6.   ]\n",
            "  ...\n",
            "  [ 7.     0.5    0.25  ...  0.63   9.2    5.   ]\n",
            "  [ 7.6    0.9    0.06  ...  0.56   9.8    5.   ]\n",
            "  [ 8.1    0.545  0.18  ...  0.59   9.     6.   ]]]\n"
          ]
        }
      ],
      "source": [
        "# Q5: Reshape A as an array with dimension (?,25,12)\n",
        "RA = np.reshape(A,(-1,25,12))\n",
        "print(RA.shape, \"\\n\")\n",
        "print(RA)"
      ]
    },
    {
      "cell_type": "code",
      "execution_count": null,
      "metadata": {
        "colab": {
          "base_uri": "https://localhost:8080/"
        },
        "id": "uw5UhoH5tI6E",
        "outputId": "8a88a401-d808-4bb3-d4e6-befdfda24436"
      },
      "outputs": [
        {
          "output_type": "stream",
          "name": "stdout",
          "text": [
            "Sum of all elements =  1280327.29755672\n"
          ]
        }
      ],
      "source": [
        "# Q6: Create a function able to make the dot product of two matrices and return the sum of all elements of the result\n",
        "def funw(x,y):\n",
        "\n",
        "    return np.sum(np.dot(x,y))\n",
        "\n",
        "# example\n",
        "S = funw(AT,A)\n",
        "print(\"Sum of all elements = \", S)"
      ]
    }
  ],
  "metadata": {
    "colab": {
      "collapsed_sections": [],
      "name": "BehnamSafayi.ipynb",
      "provenance": []
    },
    "kernelspec": {
      "display_name": "Python 3 (ipykernel)",
      "language": "python",
      "name": "python3"
    },
    "language_info": {
      "codemirror_mode": {
        "name": "ipython",
        "version": 3
      },
      "file_extension": ".py",
      "mimetype": "text/x-python",
      "name": "python",
      "nbconvert_exporter": "python",
      "pygments_lexer": "ipython3",
      "version": "3.9.7"
    }
  },
  "nbformat": 4,
  "nbformat_minor": 0
}